168 338
4 2
2 2 4 4 4 2 2 4 4 4 4 4 4 4 2 2 4 4 4 4 4 4 4 4 4 4 4 2 2 4 4 4 4 4 4 4 4 4 4 4 4 4 4 4 2 2 4 4 4 4 4 4 4 4 4 4 4 4 4 4 4 4 4 4 4 2 2 4 4 4 4 4 4 4 4 4 4 4 4 4 4 4 4 4 4 4 4 4 4 4 4 4 4 4 4 4 4 4 4 4 4 2 2 4 4 4 4 4 4 4 4 4 4 4 4 4 4 4 4 4 4 4 2 2 4 4 4 4 4 4 4 4 4 4 4 4 4 4 4 2 2 4 4 4 4 4 4 4 4 4 4 4 2 2 4 4 4 4 4 4 4 2 2 4 4 4 2 2 
1 2 1 1 2 2 2 2 2 1 1 2 2 2 2 2 2 2 2 2 1 1 2 2 2 2 2 2 2 2 2 2 2 2 2 1 1 2 2 2 2 2 2 2 2 2 2 2 2 2 2 2 2 2 1 1 2 2 2 2 2 2 2 2 2 2 2 2 2 2 2 2 2 2 2 2 2 1 1 2 2 2 2 2 2 2 2 2 2 2 1 1 2 2 2 2 2 2 2 2 2 2 2 2 2 2 2 2 2 2 2 2 2 1 1 2 2 2 2 2 2 2 2 2 2 2 2 2 2 2 2 2 1 1 2 2 2 2 2 2 2 2 2 2 2 2 2 1 1 2 2 2 2 2 2 2 2 2 1 1 2 2 2 2 2 1 1 2 1 1 1 2 2 2 1 1 2 2 2 2 2 2 2 1 1 2 2 2 2 2 2 2 2 2 2 2 1 1 2 2 2 2 2 2 2 2 2 2 2 2 2 2 2 1 1 2 2 2 2 2 2 2 2 2 2 2 2 2 2 2 2 2 2 2 1 1 2 2 2 2 2 2 2 2 2 2 2 1 2 2 2 2 2 2 2 2 2 2 2 1 2 2 2 2 2 2 2 2 2 2 2 1 1 2 2 2 2 2 2 2 2 2 2 2 2 2 2 2 2 2 2 2 1 1 2 2 2 2 2 2 2 2 2 2 2 2 2 2 2 1 1 2 2 2 2 2 2 2 2 2 2 2 1 1 2 2 2 2 2 2 2 1 1 2 2 2 1 1 
1 172 
2 173 
2 3 170 174 
4 5 171 177 
5 6 172 178 
6 179 
7 180 
7 8 173 181 
8 9 174 182 
9 10 175 183 
11 12 176 186 
12 13 177 187 
13 14 178 188 
14 15 179 189 
15 190 
16 191 
16 17 180 192 
17 18 181 193 
18 19 182 194 
19 20 183 195 
20 21 184 196 
22 23 185 199 
23 24 186 200 
24 25 187 201 
25 26 188 202 
26 27 189 203 
27 28 190 204 
28 205 
29 206 
29 30 191 207 
30 31 192 208 
31 32 193 209 
32 33 194 210 
33 34 195 211 
34 35 196 212 
35 36 197 213 
37 38 198 216 
38 39 199 217 
39 40 200 218 
40 41 201 219 
41 42 202 220 
42 43 203 221 
43 44 204 222 
44 45 205 223 
45 224 
46 225 
46 47 206 226 
47 48 207 227 
48 49 208 228 
49 50 209 229 
50 51 210 230 
51 52 211 231 
52 53 212 232 
53 54 213 233 
54 55 214 234 
56 57 215 237 
57 58 216 238 
58 59 217 239 
59 60 218 240 
60 61 219 241 
61 62 220 242 
62 63 221 243 
63 64 222 244 
64 65 223 245 
65 66 224 246 
66 247 
67 248 
67 68 225 249 
68 69 226 250 
69 70 227 251 
70 71 228 252 
71 72 229 253 
72 73 230 254 
73 74 231 255 
74 75 232 256 
75 76 233 257 
76 77 234 258 
77 78 235 259 
79 80 236 261 
80 81 237 262 
81 82 238 263 
82 83 239 264 
83 84 240 265 
84 85 241 266 
85 86 242 267 
86 87 243 268 
87 88 244 269 
88 89 245 270 
89 90 246 271 
90 91 247 272 
92 93 249 273 
93 94 250 274 
94 95 251 275 
95 96 252 276 
96 97 253 277 
97 98 254 278 
98 99 255 279 
99 100 256 280 
100 101 257 281 
101 102 258 282 
102 103 259 283 
103 260 
104 261 
104 105 262 284 
105 106 263 285 
106 107 264 286 
107 108 265 287 
108 109 266 288 
109 110 267 289 
110 111 268 290 
111 112 269 291 
112 113 270 292 
113 114 271 293 
115 116 274 294 
116 117 275 295 
117 118 276 296 
118 119 277 297 
119 120 278 298 
120 121 279 299 
121 122 280 300 
122 123 281 301 
123 124 282 302 
124 283 
125 284 
125 126 285 303 
126 127 286 304 
127 128 287 305 
128 129 288 306 
129 130 289 307 
130 131 290 308 
131 132 291 309 
132 133 292 310 
134 135 295 311 
135 136 296 312 
136 137 297 313 
137 138 298 314 
138 139 299 315 
139 140 300 316 
140 141 301 317 
141 302 
142 303 
142 143 304 318 
143 144 305 319 
144 145 306 320 
145 146 307 321 
146 147 308 322 
147 148 309 323 
149 150 312 324 
150 151 313 325 
151 152 314 326 
152 153 315 327 
153 154 316 328 
154 317 
155 318 
155 156 319 329 
156 157 320 330 
157 158 321 331 
158 159 322 332 
160 161 325 333 
161 162 326 334 
162 163 327 335 
163 328 
164 329 
164 165 330 336 
165 166 331 337 
167 168 334 338 
168 335 
169 336 
1 
2 3 
3 
4 
4 5 
5 6 
7 8 
8 9 
9 10 
10 
11 
11 12 
12 13 
13 14 
14 15 
16 17 
17 18 
18 19 
19 20 
20 21 
21 
22 
22 23 
23 24 
24 25 
25 26 
26 27 
27 28 
29 30 
30 31 
31 32 
32 33 
33 34 
34 35 
35 36 
36 
37 
37 38 
38 39 
39 40 
40 41 
41 42 
42 43 
43 44 
44 45 
46 47 
47 48 
48 49 
49 50 
50 51 
51 52 
52 53 
53 54 
54 55 
55 
56 
56 57 
57 58 
58 59 
59 60 
60 61 
61 62 
62 63 
63 64 
64 65 
65 66 
67 68 
68 69 
69 70 
70 71 
71 72 
72 73 
73 74 
74 75 
75 76 
76 77 
77 78 
78 
79 
79 80 
80 81 
81 82 
82 83 
83 84 
84 85 
85 86 
86 87 
87 88 
88 89 
89 90 
90 
91 
91 92 
92 93 
93 94 
94 95 
95 96 
96 97 
97 98 
98 99 
99 100 
100 101 
101 102 
103 104 
104 105 
105 106 
106 107 
107 108 
108 109 
109 110 
110 111 
111 112 
112 113 
113 
114 
114 115 
115 116 
116 117 
117 118 
118 119 
119 120 
120 121 
121 122 
122 123 
124 125 
125 126 
126 127 
127 128 
128 129 
129 130 
130 131 
131 132 
132 
133 
133 134 
134 135 
135 136 
136 137 
137 138 
138 139 
139 140 
141 142 
142 143 
143 144 
144 145 
145 146 
146 147 
147 
148 
148 149 
149 150 
150 151 
151 152 
152 153 
154 155 
155 156 
156 157 
157 158 
158 
159 
159 160 
160 161 
161 162 
163 164 
164 165 
165 
166 
166 167 
168 
3 
4 
1 5 
2 8 
3 9 
10 
11 
4 12 
5 13 
6 14 
7 17 
8 18 
9 19 
10 20 
21 
22 
11 23 
12 24 
13 25 
14 26 
15 27 
16 30 
17 31 
18 32 
19 33 
20 34 
21 35 
36 
37 
22 38 
23 39 
24 40 
25 41 
26 42 
27 43 
28 44 
29 47 
30 48 
31 49 
32 50 
33 51 
34 52 
35 53 
36 54 
55 
56 
37 57 
38 58 
39 59 
40 60 
41 61 
42 62 
43 63 
44 64 
45 65 
46 68 
47 69 
48 70 
49 71 
50 72 
51 73 
52 74 
53 75 
54 76 
55 77 
78 
79 
56 80 
57 81 
58 82 
59 83 
60 84 
61 85 
62 86 
63 87 
64 88 
65 89 
66 90 
67 
68 91 
69 92 
70 93 
71 94 
72 95 
73 96 
74 97 
75 98 
76 99 
77 100 
78 101 
102 
79 103 
80 104 
81 105 
82 106 
83 107 
84 108 
85 109 
86 110 
87 111 
88 112 
89 113 
90 
91 
92 114 
93 115 
94 116 
95 117 
96 118 
97 119 
98 120 
99 121 
100 122 
101 123 
104 124 
105 125 
106 126 
107 127 
108 128 
109 129 
110 130 
111 131 
112 132 
113 
114 
115 133 
116 134 
117 135 
118 136 
119 137 
120 138 
121 139 
122 140 
125 141 
126 142 
127 143 
128 144 
129 145 
130 146 
131 147 
132 
133 
134 148 
135 149 
136 150 
137 151 
138 152 
139 153 
142 154 
143 155 
144 156 
145 157 
146 158 
147 
148 
149 159 
150 160 
151 161 
152 162 
155 163 
156 164 
157 165 
158 
159 
160 166 
161 167 
164 168 
165 
166 
