24 50
4 2
2 2 4 4 4 2 2 4 4 4 4 4 4 4 4 4 4 2 2 4 4 4 2 2 
1 2 1 1 2 2 2 2 2 1 1 2 2 2 1 1 2 2 2 2 2 1 1 2 1 1 1 2 2 2 1 1 2 2 2 1 2 2 2 1 2 2 2 1 1 2 2 2 1 1 
1 28 
2 29 
2 3 26 30 
4 5 27 33 
5 6 28 34 
6 35 
7 36 
7 8 29 37 
8 9 30 38 
9 10 31 39 
11 12 32 41 
12 13 33 42 
13 14 34 43 
14 15 35 44 
16 17 37 45 
17 18 38 46 
18 19 39 47 
19 40 
20 41 
20 21 42 48 
21 22 43 49 
23 24 46 50 
24 47 
25 48 
1 
2 3 
3 
4 
4 5 
5 6 
7 8 
8 9 
9 10 
10 
11 
11 12 
12 13 
13 14 
14 
15 
15 16 
16 17 
17 18 
19 20 
20 21 
21 
22 
22 23 
24 
3 
4 
1 5 
2 8 
3 9 
10 
11 
4 12 
5 13 
6 14 
7 
8 15 
9 16 
10 17 
18 
11 19 
12 20 
13 21 
14 
15 
16 22 
17 23 
20 24 
21 
22 
