48 98
4 2
2 2 4 4 4 2 2 4 4 4 4 4 4 4 2 2 4 4 4 4 4 4 4 4 4 4 4 4 4 4 4 4 2 2 4 4 4 4 4 4 4 2 2 4 4 4 2 2 
1 2 1 1 2 2 2 2 2 1 1 2 2 2 2 2 2 2 2 2 1 1 2 2 2 2 2 1 1 2 2 2 2 2 2 2 2 2 1 1 2 2 2 2 2 1 1 2 1 1 1 2 2 2 1 1 2 2 2 2 2 2 2 1 1 2 2 2 2 2 1 2 2 2 2 2 1 2 2 2 2 2 1 1 2 2 2 2 2 2 2 1 1 2 2 2 1 1 
1 52 
2 53 
2 3 50 54 
4 5 51 57 
5 6 52 58 
6 59 
7 60 
7 8 53 61 
8 9 54 62 
9 10 55 63 
11 12 56 66 
12 13 57 67 
13 14 58 68 
14 15 59 69 
15 70 
16 71 
16 17 60 72 
17 18 61 73 
18 19 62 74 
19 20 63 75 
20 21 64 76 
22 23 65 78 
23 24 66 79 
24 25 67 80 
25 26 68 81 
26 27 69 82 
27 28 70 83 
29 30 72 84 
30 31 73 85 
31 32 74 86 
32 33 75 87 
33 34 76 88 
34 77 
35 78 
35 36 79 89 
36 37 80 90 
37 38 81 91 
38 39 82 92 
40 41 85 93 
41 42 86 94 
42 43 87 95 
43 88 
44 89 
44 45 90 96 
45 46 91 97 
47 48 94 98 
48 95 
49 96 
1 
2 3 
3 
4 
4 5 
5 6 
7 8 
8 9 
9 10 
10 
11 
11 12 
12 13 
13 14 
14 15 
16 17 
17 18 
18 19 
19 20 
20 21 
21 
22 
22 23 
23 24 
24 25 
25 26 
26 27 
27 
28 
28 29 
29 30 
30 31 
31 32 
32 33 
34 35 
35 36 
36 37 
37 38 
38 
39 
39 40 
40 41 
41 42 
43 44 
44 45 
45 
46 
46 47 
48 
3 
4 
1 5 
2 8 
3 9 
10 
11 
4 12 
5 13 
6 14 
7 17 
8 18 
9 19 
10 20 
21 
22 
11 23 
12 24 
13 25 
14 26 
15 27 
16 
17 28 
18 29 
19 30 
20 31 
21 32 
33 
22 34 
23 35 
24 36 
25 37 
26 38 
27 
28 
29 39 
30 40 
31 41 
32 42 
35 43 
36 44 
37 45 
38 
39 
40 46 
41 47 
44 48 
45 
46 
