120 242
4 2
2 2 4 4 4 2 2 4 4 4 4 4 4 4 2 2 4 4 4 4 4 4 4 4 4 4 4 2 2 4 4 4 4 4 4 4 4 4 4 4 4 4 4 4 2 2 4 4 4 4 4 4 4 4 4 4 4 4 4 4 4 4 4 4 4 4 4 4 4 4 4 4 4 4 2 2 4 4 4 4 4 4 4 4 4 4 4 4 4 4 4 2 2 4 4 4 4 4 4 4 4 4 4 4 2 2 4 4 4 4 4 4 4 2 2 4 4 4 2 2 
1 2 1 1 2 2 2 2 2 1 1 2 2 2 2 2 2 2 2 2 1 1 2 2 2 2 2 2 2 2 2 2 2 2 2 1 1 2 2 2 2 2 2 2 2 2 2 2 2 2 2 2 2 2 1 1 2 2 2 2 2 2 2 2 2 1 1 2 2 2 2 2 2 2 2 2 2 2 2 2 2 2 2 2 1 1 2 2 2 2 2 2 2 2 2 2 2 2 2 1 1 2 2 2 2 2 2 2 2 2 1 1 2 2 2 2 2 1 1 2 1 1 1 2 2 2 1 1 2 2 2 2 2 2 2 1 1 2 2 2 2 2 2 2 2 2 2 2 1 1 2 2 2 2 2 2 2 2 2 2 2 2 2 2 2 1 1 2 2 2 2 2 2 2 2 2 1 2 2 2 2 2 2 2 2 2 1 2 2 2 2 2 2 2 2 2 1 1 2 2 2 2 2 2 2 2 2 2 2 2 2 2 2 1 1 2 2 2 2 2 2 2 2 2 2 2 1 1 2 2 2 2 2 2 2 1 1 2 2 2 1 1 
1 124 
2 125 
2 3 122 126 
4 5 123 129 
5 6 124 130 
6 131 
7 132 
7 8 125 133 
8 9 126 134 
9 10 127 135 
11 12 128 138 
12 13 129 139 
13 14 130 140 
14 15 131 141 
15 142 
16 143 
16 17 132 144 
17 18 133 145 
18 19 134 146 
19 20 135 147 
20 21 136 148 
22 23 137 151 
23 24 138 152 
24 25 139 153 
25 26 140 154 
26 27 141 155 
27 28 142 156 
28 157 
29 158 
29 30 143 159 
30 31 144 160 
31 32 145 161 
32 33 146 162 
33 34 147 163 
34 35 148 164 
35 36 149 165 
37 38 150 168 
38 39 151 169 
39 40 152 170 
40 41 153 171 
41 42 154 172 
42 43 155 173 
43 44 156 174 
44 45 157 175 
45 176 
46 177 
46 47 158 178 
47 48 159 179 
48 49 160 180 
49 50 161 181 
50 51 162 182 
51 52 163 183 
52 53 164 184 
53 54 165 185 
54 55 166 186 
56 57 167 188 
57 58 168 189 
58 59 169 190 
59 60 170 191 
60 61 171 192 
61 62 172 193 
62 63 173 194 
63 64 174 195 
64 65 175 196 
65 66 176 197 
67 68 178 198 
68 69 179 199 
69 70 180 200 
70 71 181 201 
71 72 182 202 
72 73 183 203 
73 74 184 204 
74 75 185 205 
75 76 186 206 
76 187 
77 188 
77 78 189 207 
78 79 190 208 
79 80 191 209 
80 81 192 210 
81 82 193 211 
82 83 194 212 
83 84 195 213 
84 85 196 214 
86 87 199 215 
87 88 200 216 
88 89 201 217 
89 90 202 218 
90 91 203 219 
91 92 204 220 
92 93 205 221 
93 206 
94 207 
94 95 208 222 
95 96 209 223 
96 97 210 224 
97 98 211 225 
98 99 212 226 
99 100 213 227 
101 102 216 228 
102 103 217 229 
103 104 218 230 
104 105 219 231 
105 106 220 232 
106 221 
107 222 
107 108 223 233 
108 109 224 234 
109 110 225 235 
110 111 226 236 
112 113 229 237 
113 114 230 238 
114 115 231 239 
115 232 
116 233 
116 117 234 240 
117 118 235 241 
119 120 238 242 
120 239 
121 240 
1 
2 3 
3 
4 
4 5 
5 6 
7 8 
8 9 
9 10 
10 
11 
11 12 
12 13 
13 14 
14 15 
16 17 
17 18 
18 19 
19 20 
20 21 
21 
22 
22 23 
23 24 
24 25 
25 26 
26 27 
27 28 
29 30 
30 31 
31 32 
32 33 
33 34 
34 35 
35 36 
36 
37 
37 38 
38 39 
39 40 
40 41 
41 42 
42 43 
43 44 
44 45 
46 47 
47 48 
48 49 
49 50 
50 51 
51 52 
52 53 
53 54 
54 55 
55 
56 
56 57 
57 58 
58 59 
59 60 
60 61 
61 62 
62 63 
63 64 
64 65 
65 
66 
66 67 
67 68 
68 69 
69 70 
70 71 
71 72 
72 73 
73 74 
74 75 
76 77 
77 78 
78 79 
79 80 
80 81 
81 82 
82 83 
83 84 
84 
85 
85 86 
86 87 
87 88 
88 89 
89 90 
90 91 
91 92 
93 94 
94 95 
95 96 
96 97 
97 98 
98 99 
99 
100 
100 101 
101 102 
102 103 
103 104 
104 105 
106 107 
107 108 
108 109 
109 110 
110 
111 
111 112 
112 113 
113 114 
115 116 
116 117 
117 
118 
118 119 
120 
3 
4 
1 5 
2 8 
3 9 
10 
11 
4 12 
5 13 
6 14 
7 17 
8 18 
9 19 
10 20 
21 
22 
11 23 
12 24 
13 25 
14 26 
15 27 
16 30 
17 31 
18 32 
19 33 
20 34 
21 35 
36 
37 
22 38 
23 39 
24 40 
25 41 
26 42 
27 43 
28 44 
29 47 
30 48 
31 49 
32 50 
33 51 
34 52 
35 53 
36 54 
55 
56 
37 57 
38 58 
39 59 
40 60 
41 61 
42 62 
43 63 
44 64 
45 65 
46 
47 66 
48 67 
49 68 
50 69 
51 70 
52 71 
53 72 
54 73 
55 74 
75 
56 76 
57 77 
58 78 
59 79 
60 80 
61 81 
62 82 
63 83 
64 84 
65 
66 
67 85 
68 86 
69 87 
70 88 
71 89 
72 90 
73 91 
74 92 
77 93 
78 94 
79 95 
80 96 
81 97 
82 98 
83 99 
84 
85 
86 100 
87 101 
88 102 
89 103 
90 104 
91 105 
94 106 
95 107 
96 108 
97 109 
98 110 
99 
100 
101 111 
102 112 
103 113 
104 114 
107 115 
108 116 
109 117 
110 
111 
112 118 
113 119 
116 120 
117 
118 
