224 450
4 2
2 2 4 4 4 2 2 4 4 4 4 4 4 4 2 2 4 4 4 4 4 4 4 4 4 4 4 2 2 4 4 4 4 4 4 4 4 4 4 4 4 4 4 4 2 2 4 4 4 4 4 4 4 4 4 4 4 4 4 4 4 4 4 4 4 2 2 4 4 4 4 4 4 4 4 4 4 4 4 4 4 4 4 4 4 4 4 4 4 4 2 2 4 4 4 4 4 4 4 4 4 4 4 4 4 4 4 4 4 4 4 4 4 4 4 4 4 4 4 4 4 4 4 4 4 4 4 4 4 4 4 4 2 2 4 4 4 4 4 4 4 4 4 4 4 4 4 4 4 4 4 4 4 4 4 4 4 2 2 4 4 4 4 4 4 4 4 4 4 4 4 4 4 4 4 4 4 4 2 2 4 4 4 4 4 4 4 4 4 4 4 4 4 4 4 2 2 4 4 4 4 4 4 4 4 4 4 4 2 2 4 4 4 4 4 4 4 2 2 4 4 4 2 2 
1 2 1 1 2 2 2 2 2 1 1 2 2 2 2 2 2 2 2 2 1 1 2 2 2 2 2 2 2 2 2 2 2 2 2 1 1 2 2 2 2 2 2 2 2 2 2 2 2 2 2 2 2 2 1 1 2 2 2 2 2 2 2 2 2 2 2 2 2 2 2 2 2 2 2 2 2 1 1 2 2 2 2 2 2 2 2 2 2 2 2 2 2 2 2 2 2 2 2 2 2 2 2 2 1 1 2 2 2 2 2 2 2 2 2 2 2 2 2 1 1 2 2 2 2 2 2 2 2 2 2 2 2 2 2 2 2 2 2 2 2 2 2 2 2 2 1 1 2 2 2 2 2 2 2 2 2 2 2 2 2 2 2 2 2 2 2 2 2 1 1 2 2 2 2 2 2 2 2 2 2 2 2 2 2 2 2 2 1 1 2 2 2 2 2 2 2 2 2 2 2 2 2 1 1 2 2 2 2 2 2 2 2 2 1 1 2 2 2 2 2 1 1 2 1 1 1 2 2 2 1 1 2 2 2 2 2 2 2 1 1 2 2 2 2 2 2 2 2 2 2 2 1 1 2 2 2 2 2 2 2 2 2 2 2 2 2 2 2 1 1 2 2 2 2 2 2 2 2 2 2 2 2 2 2 2 2 2 2 2 1 1 2 2 2 2 2 2 2 2 2 2 2 2 2 2 2 2 2 2 2 2 2 2 2 1 1 2 2 2 2 2 2 2 2 2 2 2 2 2 1 2 2 2 2 2 2 2 2 2 2 2 2 2 1 2 2 2 2 2 2 2 2 2 2 2 2 2 1 1 2 2 2 2 2 2 2 2 2 2 2 2 2 2 2 2 2 2 2 2 2 2 2 1 1 2 2 2 2 2 2 2 2 2 2 2 2 2 2 2 2 2 2 2 1 1 2 2 2 2 2 2 2 2 2 2 2 2 2 2 2 1 1 2 2 2 2 2 2 2 2 2 2 2 1 1 2 2 2 2 2 2 2 1 1 2 2 2 1 1 
1 228 
2 229 
2 3 226 230 
4 5 227 233 
5 6 228 234 
6 235 
7 236 
7 8 229 237 
8 9 230 238 
9 10 231 239 
11 12 232 242 
12 13 233 243 
13 14 234 244 
14 15 235 245 
15 246 
16 247 
16 17 236 248 
17 18 237 249 
18 19 238 250 
19 20 239 251 
20 21 240 252 
22 23 241 255 
23 24 242 256 
24 25 243 257 
25 26 244 258 
26 27 245 259 
27 28 246 260 
28 261 
29 262 
29 30 247 263 
30 31 248 264 
31 32 249 265 
32 33 250 266 
33 34 251 267 
34 35 252 268 
35 36 253 269 
37 38 254 272 
38 39 255 273 
39 40 256 274 
40 41 257 275 
41 42 258 276 
42 43 259 277 
43 44 260 278 
44 45 261 279 
45 280 
46 281 
46 47 262 282 
47 48 263 283 
48 49 264 284 
49 50 265 285 
50 51 266 286 
51 52 267 287 
52 53 268 288 
53 54 269 289 
54 55 270 290 
56 57 271 293 
57 58 272 294 
58 59 273 295 
59 60 274 296 
60 61 275 297 
61 62 276 298 
62 63 277 299 
63 64 278 300 
64 65 279 301 
65 66 280 302 
66 303 
67 304 
67 68 281 305 
68 69 282 306 
69 70 283 307 
70 71 284 308 
71 72 285 309 
72 73 286 310 
73 74 287 311 
74 75 288 312 
75 76 289 313 
76 77 290 314 
77 78 291 315 
79 80 292 318 
80 81 293 319 
81 82 294 320 
82 83 295 321 
83 84 296 322 
84 85 297 323 
85 86 298 324 
86 87 299 325 
87 88 300 326 
88 89 301 327 
89 90 302 328 
90 91 303 329 
91 330 
92 331 
92 93 304 332 
93 94 305 333 
94 95 306 334 
95 96 307 335 
96 97 308 336 
97 98 309 337 
98 99 310 338 
99 100 311 339 
100 101 312 340 
101 102 313 341 
102 103 314 342 
103 104 315 343 
104 105 316 344 
106 107 317 346 
107 108 318 347 
108 109 319 348 
109 110 320 349 
110 111 321 350 
111 112 322 351 
112 113 323 352 
113 114 324 353 
114 115 325 354 
115 116 326 355 
116 117 327 356 
117 118 328 357 
118 119 329 358 
119 120 330 359 
121 122 332 360 
122 123 333 361 
123 124 334 362 
124 125 335 363 
125 126 336 364 
126 127 337 365 
127 128 338 366 
128 129 339 367 
129 130 340 368 
130 131 341 369 
131 132 342 370 
132 133 343 371 
133 134 344 372 
134 345 
135 346 
135 136 347 373 
136 137 348 374 
137 138 349 375 
138 139 350 376 
139 140 351 377 
140 141 352 378 
141 142 353 379 
142 143 354 380 
143 144 355 381 
144 145 356 382 
145 146 357 383 
146 147 358 384 
148 149 361 385 
149 150 362 386 
150 151 363 387 
151 152 364 388 
152 153 365 389 
153 154 366 390 
154 155 367 391 
155 156 368 392 
156 157 369 393 
157 158 370 394 
158 159 371 395 
159 372 
160 373 
160 161 374 396 
161 162 375 397 
162 163 376 398 
163 164 377 399 
164 165 378 400 
165 166 379 401 
166 167 380 402 
167 168 381 403 
168 169 382 404 
169 170 383 405 
171 172 386 406 
172 173 387 407 
173 174 388 408 
174 175 389 409 
175 176 390 410 
176 177 391 411 
177 178 392 412 
178 179 393 413 
179 180 394 414 
180 395 
181 396 
181 182 397 415 
182 183 398 416 
183 184 399 417 
184 185 400 418 
185 186 401 419 
186 187 402 420 
187 188 403 421 
188 189 404 422 
190 191 407 423 
191 192 408 424 
192 193 409 425 
193 194 410 426 
194 195 411 427 
195 196 412 428 
196 197 413 429 
197 414 
198 415 
198 199 416 430 
199 200 417 431 
200 201 418 432 
201 202 419 433 
202 203 420 434 
203 204 421 435 
205 206 424 436 
206 207 425 437 
207 208 426 438 
208 209 427 439 
209 210 428 440 
210 429 
211 430 
211 212 431 441 
212 213 432 442 
213 214 433 443 
214 215 434 444 
216 217 437 445 
217 218 438 446 
218 219 439 447 
219 440 
220 441 
220 221 442 448 
221 222 443 449 
223 224 446 450 
224 447 
225 448 
1 
2 3 
3 
4 
4 5 
5 6 
7 8 
8 9 
9 10 
10 
11 
11 12 
12 13 
13 14 
14 15 
16 17 
17 18 
18 19 
19 20 
20 21 
21 
22 
22 23 
23 24 
24 25 
25 26 
26 27 
27 28 
29 30 
30 31 
31 32 
32 33 
33 34 
34 35 
35 36 
36 
37 
37 38 
38 39 
39 40 
40 41 
41 42 
42 43 
43 44 
44 45 
46 47 
47 48 
48 49 
49 50 
50 51 
51 52 
52 53 
53 54 
54 55 
55 
56 
56 57 
57 58 
58 59 
59 60 
60 61 
61 62 
62 63 
63 64 
64 65 
65 66 
67 68 
68 69 
69 70 
70 71 
71 72 
72 73 
73 74 
74 75 
75 76 
76 77 
77 78 
78 
79 
79 80 
80 81 
81 82 
82 83 
83 84 
84 85 
85 86 
86 87 
87 88 
88 89 
89 90 
90 91 
92 93 
93 94 
94 95 
95 96 
96 97 
97 98 
98 99 
99 100 
100 101 
101 102 
102 103 
103 104 
104 105 
105 
106 
106 107 
107 108 
108 109 
109 110 
110 111 
111 112 
112 113 
113 114 
114 115 
115 116 
116 117 
117 118 
118 119 
119 
120 
120 121 
121 122 
122 123 
123 124 
124 125 
125 126 
126 127 
127 128 
128 129 
129 130 
130 131 
131 132 
132 133 
134 135 
135 136 
136 137 
137 138 
138 139 
139 140 
140 141 
141 142 
142 143 
143 144 
144 145 
145 146 
146 
147 
147 148 
148 149 
149 150 
150 151 
151 152 
152 153 
153 154 
154 155 
155 156 
156 157 
157 158 
159 160 
160 161 
161 162 
162 163 
163 164 
164 165 
165 166 
166 167 
167 168 
168 169 
169 
170 
170 171 
171 172 
172 173 
173 174 
174 175 
175 176 
176 177 
177 178 
178 179 
180 181 
181 182 
182 183 
183 184 
184 185 
185 186 
186 187 
187 188 
188 
189 
189 190 
190 191 
191 192 
192 193 
193 194 
194 195 
195 196 
197 198 
198 199 
199 200 
200 201 
201 202 
202 203 
203 
204 
204 205 
205 206 
206 207 
207 208 
208 209 
210 211 
211 212 
212 213 
213 214 
214 
215 
215 216 
216 217 
217 218 
219 220 
220 221 
221 
222 
222 223 
224 
3 
4 
1 5 
2 8 
3 9 
10 
11 
4 12 
5 13 
6 14 
7 17 
8 18 
9 19 
10 20 
21 
22 
11 23 
12 24 
13 25 
14 26 
15 27 
16 30 
17 31 
18 32 
19 33 
20 34 
21 35 
36 
37 
22 38 
23 39 
24 40 
25 41 
26 42 
27 43 
28 44 
29 47 
30 48 
31 49 
32 50 
33 51 
34 52 
35 53 
36 54 
55 
56 
37 57 
38 58 
39 59 
40 60 
41 61 
42 62 
43 63 
44 64 
45 65 
46 68 
47 69 
48 70 
49 71 
50 72 
51 73 
52 74 
53 75 
54 76 
55 77 
78 
79 
56 80 
57 81 
58 82 
59 83 
60 84 
61 85 
62 86 
63 87 
64 88 
65 89 
66 90 
67 93 
68 94 
69 95 
70 96 
71 97 
72 98 
73 99 
74 100 
75 101 
76 102 
77 103 
78 104 
105 
106 
79 107 
80 108 
81 109 
82 110 
83 111 
84 112 
85 113 
86 114 
87 115 
88 116 
89 117 
90 118 
91 119 
92 
93 120 
94 121 
95 122 
96 123 
97 124 
98 125 
99 126 
100 127 
101 128 
102 129 
103 130 
104 131 
105 132 
133 
106 134 
107 135 
108 136 
109 137 
110 138 
111 139 
112 140 
113 141 
114 142 
115 143 
116 144 
117 145 
118 146 
119 
120 
121 147 
122 148 
123 149 
124 150 
125 151 
126 152 
127 153 
128 154 
129 155 
130 156 
131 157 
132 158 
135 159 
136 160 
137 161 
138 162 
139 163 
140 164 
141 165 
142 166 
143 167 
144 168 
145 169 
146 
147 
148 170 
149 171 
150 172 
151 173 
152 174 
153 175 
154 176 
155 177 
156 178 
157 179 
160 180 
161 181 
162 182 
163 183 
164 184 
165 185 
166 186 
167 187 
168 188 
169 
170 
171 189 
172 190 
173 191 
174 192 
175 193 
176 194 
177 195 
178 196 
181 197 
182 198 
183 199 
184 200 
185 201 
186 202 
187 203 
188 
189 
190 204 
191 205 
192 206 
193 207 
194 208 
195 209 
198 210 
199 211 
200 212 
201 213 
202 214 
203 
204 
205 215 
206 216 
207 217 
208 218 
211 219 
212 220 
213 221 
214 
215 
216 222 
217 223 
220 224 
221 
222 
