80 162
4 2
2 2 4 4 4 2 2 4 4 4 4 4 4 4 2 2 4 4 4 4 4 4 4 4 4 4 4 2 2 4 4 4 4 4 4 4 4 4 4 4 4 4 4 4 4 4 4 4 4 4 4 2 2 4 4 4 4 4 4 4 4 4 4 4 2 2 4 4 4 4 4 4 4 2 2 4 4 4 2 2 
1 2 1 1 2 2 2 2 2 1 1 2 2 2 2 2 2 2 2 2 1 1 2 2 2 2 2 2 2 2 2 2 2 2 2 1 1 2 2 2 2 2 2 2 1 1 2 2 2 2 2 2 2 2 2 2 2 2 2 1 1 2 2 2 2 2 2 2 2 2 1 1 2 2 2 2 2 1 1 2 1 1 1 2 2 2 1 1 2 2 2 2 2 2 2 1 1 2 2 2 2 2 2 2 2 2 2 2 1 1 2 2 2 2 2 2 2 1 2 2 2 2 2 2 2 1 2 2 2 2 2 2 2 1 1 2 2 2 2 2 2 2 2 2 2 2 1 1 2 2 2 2 2 2 2 1 1 2 2 2 1 1 
1 84 
2 85 
2 3 82 86 
4 5 83 89 
5 6 84 90 
6 91 
7 92 
7 8 85 93 
8 9 86 94 
9 10 87 95 
11 12 88 98 
12 13 89 99 
13 14 90 100 
14 15 91 101 
15 102 
16 103 
16 17 92 104 
17 18 93 105 
18 19 94 106 
19 20 95 107 
20 21 96 108 
22 23 97 111 
23 24 98 112 
24 25 99 113 
25 26 100 114 
26 27 101 115 
27 28 102 116 
28 117 
29 118 
29 30 103 119 
30 31 104 120 
31 32 105 121 
32 33 106 122 
33 34 107 123 
34 35 108 124 
35 36 109 125 
37 38 110 127 
38 39 111 128 
39 40 112 129 
40 41 113 130 
41 42 114 131 
42 43 115 132 
43 44 116 133 
44 45 117 134 
46 47 119 135 
47 48 120 136 
48 49 121 137 
49 50 122 138 
50 51 123 139 
51 52 124 140 
52 53 125 141 
53 126 
54 127 
54 55 128 142 
55 56 129 143 
56 57 130 144 
57 58 131 145 
58 59 132 146 
59 60 133 147 
61 62 136 148 
62 63 137 149 
63 64 138 150 
64 65 139 151 
65 66 140 152 
66 141 
67 142 
67 68 143 153 
68 69 144 154 
69 70 145 155 
70 71 146 156 
72 73 149 157 
73 74 150 158 
74 75 151 159 
75 152 
76 153 
76 77 154 160 
77 78 155 161 
79 80 158 162 
80 159 
81 160 
1 
2 3 
3 
4 
4 5 
5 6 
7 8 
8 9 
9 10 
10 
11 
11 12 
12 13 
13 14 
14 15 
16 17 
17 18 
18 19 
19 20 
20 21 
21 
22 
22 23 
23 24 
24 25 
25 26 
26 27 
27 28 
29 30 
30 31 
31 32 
32 33 
33 34 
34 35 
35 36 
36 
37 
37 38 
38 39 
39 40 
40 41 
41 42 
42 43 
43 44 
44 
45 
45 46 
46 47 
47 48 
48 49 
49 50 
50 51 
51 52 
53 54 
54 55 
55 56 
56 57 
57 58 
58 59 
59 
60 
60 61 
61 62 
62 63 
63 64 
64 65 
66 67 
67 68 
68 69 
69 70 
70 
71 
71 72 
72 73 
73 74 
75 76 
76 77 
77 
78 
78 79 
80 
3 
4 
1 5 
2 8 
3 9 
10 
11 
4 12 
5 13 
6 14 
7 17 
8 18 
9 19 
10 20 
21 
22 
11 23 
12 24 
13 25 
14 26 
15 27 
16 30 
17 31 
18 32 
19 33 
20 34 
21 35 
36 
37 
22 38 
23 39 
24 40 
25 41 
26 42 
27 43 
28 44 
29 
30 45 
31 46 
32 47 
33 48 
34 49 
35 50 
36 51 
52 
37 53 
38 54 
39 55 
40 56 
41 57 
42 58 
43 59 
44 
45 
46 60 
47 61 
48 62 
49 63 
50 64 
51 65 
54 66 
55 67 
56 68 
57 69 
58 70 
59 
60 
61 71 
62 72 
63 73 
64 74 
67 75 
68 76 
69 77 
70 
71 
72 78 
73 79 
76 80 
77 
78 
