288 578
4 2
2 2 4 4 4 2 2 4 4 4 4 4 4 4 2 2 4 4 4 4 4 4 4 4 4 4 4 2 2 4 4 4 4 4 4 4 4 4 4 4 4 4 4 4 2 2 4 4 4 4 4 4 4 4 4 4 4 4 4 4 4 4 4 4 4 2 2 4 4 4 4 4 4 4 4 4 4 4 4 4 4 4 4 4 4 4 4 4 4 4 2 2 4 4 4 4 4 4 4 4 4 4 4 4 4 4 4 4 4 4 4 4 4 4 4 4 4 4 4 2 2 4 4 4 4 4 4 4 4 4 4 4 4 4 4 4 4 4 4 4 4 4 4 4 4 4 4 4 4 4 4 4 4 4 4 4 4 4 4 4 4 4 4 4 4 4 4 2 2 4 4 4 4 4 4 4 4 4 4 4 4 4 4 4 4 4 4 4 4 4 4 4 4 4 4 4 2 2 4 4 4 4 4 4 4 4 4 4 4 4 4 4 4 4 4 4 4 4 4 4 4 2 2 4 4 4 4 4 4 4 4 4 4 4 4 4 4 4 4 4 4 4 2 2 4 4 4 4 4 4 4 4 4 4 4 4 4 4 4 2 2 4 4 4 4 4 4 4 4 4 4 4 2 2 4 4 4 4 4 4 4 2 2 4 4 4 2 2 
1 2 1 1 2 2 2 2 2 1 1 2 2 2 2 2 2 2 2 2 1 1 2 2 2 2 2 2 2 2 2 2 2 2 2 1 1 2 2 2 2 2 2 2 2 2 2 2 2 2 2 2 2 2 1 1 2 2 2 2 2 2 2 2 2 2 2 2 2 2 2 2 2 2 2 2 2 1 1 2 2 2 2 2 2 2 2 2 2 2 2 2 2 2 2 2 2 2 2 2 2 2 2 2 1 1 2 2 2 2 2 2 2 2 2 2 2 2 2 2 2 2 2 2 2 2 2 2 2 2 2 2 2 2 2 1 1 2 2 2 2 2 2 2 2 2 2 2 2 2 2 2 1 1 2 2 2 2 2 2 2 2 2 2 2 2 2 2 2 2 2 2 2 2 2 2 2 2 2 2 2 2 2 1 1 2 2 2 2 2 2 2 2 2 2 2 2 2 2 2 2 2 2 2 2 2 2 2 2 2 1 1 2 2 2 2 2 2 2 2 2 2 2 2 2 2 2 2 2 2 2 2 2 1 1 2 2 2 2 2 2 2 2 2 2 2 2 2 2 2 2 2 1 1 2 2 2 2 2 2 2 2 2 2 2 2 2 1 1 2 2 2 2 2 2 2 2 2 1 1 2 2 2 2 2 1 1 2 1 1 1 2 2 2 1 1 2 2 2 2 2 2 2 1 1 2 2 2 2 2 2 2 2 2 2 2 1 1 2 2 2 2 2 2 2 2 2 2 2 2 2 2 2 1 1 2 2 2 2 2 2 2 2 2 2 2 2 2 2 2 2 2 2 2 1 1 2 2 2 2 2 2 2 2 2 2 2 2 2 2 2 2 2 2 2 2 2 2 2 1 1 2 2 2 2 2 2 2 2 2 2 2 2 2 2 2 2 2 2 2 2 2 2 2 2 2 2 2 1 1 2 2 2 2 2 2 2 2 2 2 2 2 2 2 2 1 2 2 2 2 2 2 2 2 2 2 2 2 2 2 2 1 2 2 2 2 2 2 2 2 2 2 2 2 2 2 2 1 1 2 2 2 2 2 2 2 2 2 2 2 2 2 2 2 2 2 2 2 2 2 2 2 2 2 2 2 1 1 2 2 2 2 2 2 2 2 2 2 2 2 2 2 2 2 2 2 2 2 2 2 2 1 1 2 2 2 2 2 2 2 2 2 2 2 2 2 2 2 2 2 2 2 1 1 2 2 2 2 2 2 2 2 2 2 2 2 2 2 2 1 1 2 2 2 2 2 2 2 2 2 2 2 1 1 2 2 2 2 2 2 2 1 1 2 2 2 1 1 
1 292 
2 293 
2 3 290 294 
4 5 291 297 
5 6 292 298 
6 299 
7 300 
7 8 293 301 
8 9 294 302 
9 10 295 303 
11 12 296 306 
12 13 297 307 
13 14 298 308 
14 15 299 309 
15 310 
16 311 
16 17 300 312 
17 18 301 313 
18 19 302 314 
19 20 303 315 
20 21 304 316 
22 23 305 319 
23 24 306 320 
24 25 307 321 
25 26 308 322 
26 27 309 323 
27 28 310 324 
28 325 
29 326 
29 30 311 327 
30 31 312 328 
31 32 313 329 
32 33 314 330 
33 34 315 331 
34 35 316 332 
35 36 317 333 
37 38 318 336 
38 39 319 337 
39 40 320 338 
40 41 321 339 
41 42 322 340 
42 43 323 341 
43 44 324 342 
44 45 325 343 
45 344 
46 345 
46 47 326 346 
47 48 327 347 
48 49 328 348 
49 50 329 349 
50 51 330 350 
51 52 331 351 
52 53 332 352 
53 54 333 353 
54 55 334 354 
56 57 335 357 
57 58 336 358 
58 59 337 359 
59 60 338 360 
60 61 339 361 
61 62 340 362 
62 63 341 363 
63 64 342 364 
64 65 343 365 
65 66 344 366 
66 367 
67 368 
67 68 345 369 
68 69 346 370 
69 70 347 371 
70 71 348 372 
71 72 349 373 
72 73 350 374 
73 74 351 375 
74 75 352 376 
75 76 353 377 
76 77 354 378 
77 78 355 379 
79 80 356 382 
80 81 357 383 
81 82 358 384 
82 83 359 385 
83 84 360 386 
84 85 361 387 
85 86 362 388 
86 87 363 389 
87 88 364 390 
88 89 365 391 
89 90 366 392 
90 91 367 393 
91 394 
92 395 
92 93 368 396 
93 94 369 397 
94 95 370 398 
95 96 371 399 
96 97 372 400 
97 98 373 401 
98 99 374 402 
99 100 375 403 
100 101 376 404 
101 102 377 405 
102 103 378 406 
103 104 379 407 
104 105 380 408 
106 107 381 411 
107 108 382 412 
108 109 383 413 
109 110 384 414 
110 111 385 415 
111 112 386 416 
112 113 387 417 
113 114 388 418 
114 115 389 419 
115 116 390 420 
116 117 391 421 
117 118 392 422 
118 119 393 423 
119 120 394 424 
120 425 
121 426 
121 122 395 427 
122 123 396 428 
123 124 397 429 
124 125 398 430 
125 126 399 431 
126 127 400 432 
127 128 401 433 
128 129 402 434 
129 130 403 435 
130 131 404 436 
131 132 405 437 
132 133 406 438 
133 134 407 439 
134 135 408 440 
135 136 409 441 
137 138 410 443 
138 139 411 444 
139 140 412 445 
140 141 413 446 
141 142 414 447 
142 143 415 448 
143 144 416 449 
144 145 417 450 
145 146 418 451 
146 147 419 452 
147 148 420 453 
148 149 421 454 
149 150 422 455 
150 151 423 456 
151 152 424 457 
152 153 425 458 
154 155 427 459 
155 156 428 460 
156 157 429 461 
157 158 430 462 
158 159 431 463 
159 160 432 464 
160 161 433 465 
161 162 434 466 
162 163 435 467 
163 164 436 468 
164 165 437 469 
165 166 438 470 
166 167 439 471 
167 168 440 472 
168 169 441 473 
169 442 
170 443 
170 171 444 474 
171 172 445 475 
172 173 446 476 
173 174 447 477 
174 175 448 478 
175 176 449 479 
176 177 450 480 
177 178 451 481 
178 179 452 482 
179 180 453 483 
180 181 454 484 
181 182 455 485 
182 183 456 486 
183 184 457 487 
185 186 460 488 
186 187 461 489 
187 188 462 490 
188 189 463 491 
189 190 464 492 
190 191 465 493 
191 192 466 494 
192 193 467 495 
193 194 468 496 
194 195 469 497 
195 196 470 498 
196 197 471 499 
197 198 472 500 
198 473 
199 474 
199 200 475 501 
200 201 476 502 
201 202 477 503 
202 203 478 504 
203 204 479 505 
204 205 480 506 
205 206 481 507 
206 207 482 508 
207 208 483 509 
208 209 484 510 
209 210 485 511 
210 211 486 512 
212 213 489 513 
213 214 490 514 
214 215 491 515 
215 216 492 516 
216 217 493 517 
217 218 494 518 
218 219 495 519 
219 220 496 520 
220 221 497 521 
221 222 498 522 
222 223 499 523 
223 500 
224 501 
224 225 502 524 
225 226 503 525 
226 227 504 526 
227 228 505 527 
228 229 506 528 
229 230 507 529 
230 231 508 530 
231 232 509 531 
232 233 510 532 
233 234 511 533 
235 236 514 534 
236 237 515 535 
237 238 516 536 
238 239 517 537 
239 240 518 538 
240 241 519 539 
241 242 520 540 
242 243 521 541 
243 244 522 542 
244 523 
245 524 
245 246 525 543 
246 247 526 544 
247 248 527 545 
248 249 528 546 
249 250 529 547 
250 251 530 548 
251 252 531 549 
252 253 532 550 
254 255 535 551 
255 256 536 552 
256 257 537 553 
257 258 538 554 
258 259 539 555 
259 260 540 556 
260 261 541 557 
261 542 
262 543 
262 263 544 558 
263 264 545 559 
264 265 546 560 
265 266 547 561 
266 267 548 562 
267 268 549 563 
269 270 552 564 
270 271 553 565 
271 272 554 566 
272 273 555 567 
273 274 556 568 
274 557 
275 558 
275 276 559 569 
276 277 560 570 
277 278 561 571 
278 279 562 572 
280 281 565 573 
281 282 566 574 
282 283 567 575 
283 568 
284 569 
284 285 570 576 
285 286 571 577 
287 288 574 578 
288 575 
289 576 
1 
2 3 
3 
4 
4 5 
5 6 
7 8 
8 9 
9 10 
10 
11 
11 12 
12 13 
13 14 
14 15 
16 17 
17 18 
18 19 
19 20 
20 21 
21 
22 
22 23 
23 24 
24 25 
25 26 
26 27 
27 28 
29 30 
30 31 
31 32 
32 33 
33 34 
34 35 
35 36 
36 
37 
37 38 
38 39 
39 40 
40 41 
41 42 
42 43 
43 44 
44 45 
46 47 
47 48 
48 49 
49 50 
50 51 
51 52 
52 53 
53 54 
54 55 
55 
56 
56 57 
57 58 
58 59 
59 60 
60 61 
61 62 
62 63 
63 64 
64 65 
65 66 
67 68 
68 69 
69 70 
70 71 
71 72 
72 73 
73 74 
74 75 
75 76 
76 77 
77 78 
78 
79 
79 80 
80 81 
81 82 
82 83 
83 84 
84 85 
85 86 
86 87 
87 88 
88 89 
89 90 
90 91 
92 93 
93 94 
94 95 
95 96 
96 97 
97 98 
98 99 
99 100 
100 101 
101 102 
102 103 
103 104 
104 105 
105 
106 
106 107 
107 108 
108 109 
109 110 
110 111 
111 112 
112 113 
113 114 
114 115 
115 116 
116 117 
117 118 
118 119 
119 120 
121 122 
122 123 
123 124 
124 125 
125 126 
126 127 
127 128 
128 129 
129 130 
130 131 
131 132 
132 133 
133 134 
134 135 
135 136 
136 
137 
137 138 
138 139 
139 140 
140 141 
141 142 
142 143 
143 144 
144 145 
145 146 
146 147 
147 148 
148 149 
149 150 
150 151 
151 152 
152 
153 
153 154 
154 155 
155 156 
156 157 
157 158 
158 159 
159 160 
160 161 
161 162 
162 163 
163 164 
164 165 
165 166 
166 167 
167 168 
169 170 
170 171 
171 172 
172 173 
173 174 
174 175 
175 176 
176 177 
177 178 
178 179 
179 180 
180 181 
181 182 
182 183 
183 
184 
184 185 
185 186 
186 187 
187 188 
188 189 
189 190 
190 191 
191 192 
192 193 
193 194 
194 195 
195 196 
196 197 
198 199 
199 200 
200 201 
201 202 
202 203 
203 204 
204 205 
205 206 
206 207 
207 208 
208 209 
209 210 
210 
211 
211 212 
212 213 
213 214 
214 215 
215 216 
216 217 
217 218 
218 219 
219 220 
220 221 
221 222 
223 224 
224 225 
225 226 
226 227 
227 228 
228 229 
229 230 
230 231 
231 232 
232 233 
233 
234 
234 235 
235 236 
236 237 
237 238 
238 239 
239 240 
240 241 
241 242 
242 243 
244 245 
245 246 
246 247 
247 248 
248 249 
249 250 
250 251 
251 252 
252 
253 
253 254 
254 255 
255 256 
256 257 
257 258 
258 259 
259 260 
261 262 
262 263 
263 264 
264 265 
265 266 
266 267 
267 
268 
268 269 
269 270 
270 271 
271 272 
272 273 
274 275 
275 276 
276 277 
277 278 
278 
279 
279 280 
280 281 
281 282 
283 284 
284 285 
285 
286 
286 287 
288 
3 
4 
1 5 
2 8 
3 9 
10 
11 
4 12 
5 13 
6 14 
7 17 
8 18 
9 19 
10 20 
21 
22 
11 23 
12 24 
13 25 
14 26 
15 27 
16 30 
17 31 
18 32 
19 33 
20 34 
21 35 
36 
37 
22 38 
23 39 
24 40 
25 41 
26 42 
27 43 
28 44 
29 47 
30 48 
31 49 
32 50 
33 51 
34 52 
35 53 
36 54 
55 
56 
37 57 
38 58 
39 59 
40 60 
41 61 
42 62 
43 63 
44 64 
45 65 
46 68 
47 69 
48 70 
49 71 
50 72 
51 73 
52 74 
53 75 
54 76 
55 77 
78 
79 
56 80 
57 81 
58 82 
59 83 
60 84 
61 85 
62 86 
63 87 
64 88 
65 89 
66 90 
67 93 
68 94 
69 95 
70 96 
71 97 
72 98 
73 99 
74 100 
75 101 
76 102 
77 103 
78 104 
105 
106 
79 107 
80 108 
81 109 
82 110 
83 111 
84 112 
85 113 
86 114 
87 115 
88 116 
89 117 
90 118 
91 119 
92 122 
93 123 
94 124 
95 125 
96 126 
97 127 
98 128 
99 129 
100 130 
101 131 
102 132 
103 133 
104 134 
105 135 
136 
137 
106 138 
107 139 
108 140 
109 141 
110 142 
111 143 
112 144 
113 145 
114 146 
115 147 
116 148 
117 149 
118 150 
119 151 
120 152 
121 
122 153 
123 154 
124 155 
125 156 
126 157 
127 158 
128 159 
129 160 
130 161 
131 162 
132 163 
133 164 
134 165 
135 166 
136 167 
168 
137 169 
138 170 
139 171 
140 172 
141 173 
142 174 
143 175 
144 176 
145 177 
146 178 
147 179 
148 180 
149 181 
150 182 
151 183 
152 
153 
154 184 
155 185 
156 186 
157 187 
158 188 
159 189 
160 190 
161 191 
162 192 
163 193 
164 194 
165 195 
166 196 
167 197 
170 198 
171 199 
172 200 
173 201 
174 202 
175 203 
176 204 
177 205 
178 206 
179 207 
180 208 
181 209 
182 210 
183 
184 
185 211 
186 212 
187 213 
188 214 
189 215 
190 216 
191 217 
192 218 
193 219 
194 220 
195 221 
196 222 
199 223 
200 224 
201 225 
202 226 
203 227 
204 228 
205 229 
206 230 
207 231 
208 232 
209 233 
210 
211 
212 234 
213 235 
214 236 
215 237 
216 238 
217 239 
218 240 
219 241 
220 242 
221 243 
224 244 
225 245 
226 246 
227 247 
228 248 
229 249 
230 250 
231 251 
232 252 
233 
234 
235 253 
236 254 
237 255 
238 256 
239 257 
240 258 
241 259 
242 260 
245 261 
246 262 
247 263 
248 264 
249 265 
250 266 
251 267 
252 
253 
254 268 
255 269 
256 270 
257 271 
258 272 
259 273 
262 274 
263 275 
264 276 
265 277 
266 278 
267 
268 
269 279 
270 280 
271 281 
272 282 
275 283 
276 284 
277 285 
278 
279 
280 286 
281 287 
284 288 
285 
286 
